-1   0                                         igraph,iunit
1  1                                           NPRC,NEXTRA
C2vx                                           idgroup
2    4.667470441        0.0                    i2dlat,a2d
0.70710678120   0.0                            beta,delta
 0   0                                         lfix1,lfix2
4                                              ninprc(1:nprc)
4 1                                            ninprcl,nbulkl
4 1                                            ninprcr,nbulkr
1.0d-8                                         ctol
4.667470441                                    runit (for cvec and sws)
================================================================================================================================
PL li  conc     cvec(x) cvec(y)     cvec(z)           sws             smt           bthA bphA bthB bphB   isba isbb  sxA  sxB  it
================================================================================================================================
		* L *															
1	1	1.0	0.0000000000	0.0000000000	0.0000000000	0.3481599413	0.3481599413	0.0	0.0	0.0	0.0	1	1	1.0	1.0	1	Nb
1	2	1.0	0.5000000000	0.0000000000	0.5000000000	0.3481599413	0.3481599413	0.0	0.0	0.0	0.0	1	1	1.0	1.0	2	Nb
1	3	1.0	1.0000000000	0.0000000000	1.0000000000	0.3481599413	0.3481599413	0.0	0.0	0.0	0.0	1	1	1.0	1.0	3	Nb
1	4	1.0	1.5000000000	0.0000000000	1.5000000000	0.3481599413	0.3481599413	0.0	0.0	0.0	0.0	1	1	1.0	1.0	4	Nb
2	5	1.0	2.0000000000	0.0000000000	2.0000000000	0.3481599413	0.3481599413	0.0	0.0	0.0	0.0	1	1	1.0	1.0	5	Nb
2	6	1.0	2.5000000000	0.0000000000	2.5000000000	0.3481599413	0.3481599413	0.0	0.0	0.0	0.0	1	1	1.0	1.0	6	Nb
2	7	1.0	3.0000000000	0.0000000000	3.0000000000	0.3481599413	0.3481599413	0.0	0.0	0.0	0.0	1	1	1.0	1.0	7	Nb
2	8	1.0	3.5000000000	0.0000000000	3.5000000000	0.3481599413	0.3481599413	0.0	0.0	0.0	0.0	1	1	1.0	1.0	8	Nb
		* I *															
3	9	1.0	4.0000000000	0.0000000000	4.0000000000	0.3481599413	0.3481599413	0.0	0.0	0.0	0.0	1	1	1.0	1.0	9	Nb
3	10	1.0	4.5000000000	0.0000000000	4.5000000000	0.3481599413	0.3481599413	0.0	0.0	0.0	0.0	1	1	1.0	1.0	10	Nb
3	11	1.0	5.0000000000	0.0000000000	5.0000000000	0.3481599413	0.3481599413	0.0	0.0	0.0	0.0	1	1	1.0	1.0	11	Nb
3	12	1.0	5.5000000000	0.0000000000	5.5000000000	0.3481599413	0.3481599413	0.0	0.0	0.0	0.0	1	1	1.0	1.0	12	Nb
		* R *															
4	13	1.0	6.0000000000	0.0000000000	6.0000000000	0.3481599413	0.3481599413	0.0	0.0	0.0	0.0	1	1	1.0	1.0	13	Nb
4	14	1.0	6.5000000000	0.0000000000	6.5000000000	0.3481599413	0.3481599413	0.0	0.0	0.0	0.0	1	1	1.0	1.0	14	Nb
4	15	1.0	7.0000000000	0.0000000000	7.0000000000	0.3481599413	0.3481599413	0.0	0.0	0.0	0.0	1	1	1.0	1.0	15	Nb
4	16	1.0	7.5000000000	0.0000000000	7.5000000000	0.3481599413	0.3481599413	0.0	0.0	0.0	0.0	1	1	1.0	1.0	16	Nb
5	17	1.0	8.0000000000	0.0000000000	8.0000000000	0.3481599413	0.3481599413	0.0	0.0	0.0	0.0	1	1	1.0	1.0	17	Nb
5	18	1.0	8.5000000000	0.0000000000	8.5000000000	0.3481599413	0.3481599413	0.0	0.0	0.0	0.0	1	1	1.0	1.0	18	Nb
5	19	1.0	9.0000000000	0.0000000000	9.0000000000	0.3481599413	0.3481599413	0.0	0.0	0.0	0.0	1	1	1.0	1.0	19	Nb
5	20	1.0	9.5000000000	0.0000000000	9.5000000000	0.3481599413	0.3481599413	0.0	0.0	0.0	0.0	1	1	1.0	1.0	20	Nb

