  0  100   1.0d-12  0             nuc,nes,test,iskip     
Mg                                idel
  4                               norb
-0.91713371E+02   1  -1   2       den[Ry],nqn,nk,nel
-0.54903727E+01   2  -1   2
-0.31076492E+01   2   1   2
-0.30866887E+01   2  -2   4
Sc    
  7  
-.3928795214D+03   1  -1  2
-.4385093185D+02   2  -1  2
-.3697386157D+02   2   1  2
-.3645368749D+02   2  -2  4
-.4796642131D+01   3  -1  2
-.2936858038D+01   3   1  2
-.2875029138D+01   3  -2  4
Ti    
  7  
-.3928795214D+03   1  -1  2
-.4385093185D+02   2  -1  2
-.3697386157D+02   2   1  2
-.3645368749D+02   2  -2  4
-.4796642131D+01   3  -1  2
-.2936858038D+01   3   1  2
-.2875029138D+01   3  -2  4
V     
  7  
-.3928795214D+03   1  -1  2
-.4385093185D+02   2  -1  2
-.3697386157D+02   2   1  2
-.3645368749D+02   2  -2  4
-.4796642131D+01   3  -1  2
-.2936858038D+01   3   1  2
-.2875029138D+01   3  -2  4
Cr  
  7
-0.55668914E+03   1  -1   2 
-0.64881258E+02   2  -1   2 
-0.56283898E+02   2   1   2 
-0.55189284E+02   2  -2   4 
-0.61934034E+01   3  -1   2 
-0.36178362E+01   3   1   2 
-0.34801658E+01   3  -2   4 
Mn  
  7
-0.55668914E+03   1  -1   2 
-0.64881258E+02   2  -1   2 
-0.56283898E+02   2   1   2 
-0.55189284E+02   2  -2   4 
-0.61934034E+01   3  -1   2 
-0.36178362E+01   3   1   2 
-0.34801658E+01   3  -2   4 
Fe  
  7
-0.55668914E+03   1  -1   2 
-0.64881258E+02   2  -1   2 
-0.56283898E+02   2   1   2 
-0.55189284E+02   2  -2   4 
-0.61934034E+01   3  -1   2 
-0.36178362E+01   3   1   2 
-0.34801658E+01   3  -2   4 
Co
  7
-0.55668914E+03   1  -1   2
-0.64881258E+02   2  -1   2 
-0.56283898E+02   2   1   2 
-0.55189284E+02   2  -2   4 
-0.61934034E+01   3  -1   2 
-0.36178362E+01   3   1   2 
-0.34801658E+01   3  -2   4 
Ni
  7
-0.55668914E+03   1  -1   2
-0.64881258E+02   2  -1   2 
-0.56283898E+02   2   1   2 
-0.55189284E+02   2  -2   4 
-0.61934034E+01   3  -1   2 
-0.36178362E+01   3   1   2 
-0.34801658E+01   3  -2   4 
Cu                                   
  7
-0.65393374E+03   1  -1   2       
-0.76779886E+02   2  -1   2 
-0.66769112E+02   2   1   2 
-0.65255796E+02   2  -2   4 
-0.77692288E+01   3  -1   2 
-0.47509218E+01   3   1   2 
-0.45605564E+01   3  -2   4 
Zn                                   
  7
-0.65393374E+03   1  -1   2       
-0.76779886E+02   2  -1   2 
-0.66769112E+02   2   1   2 
-0.65255796E+02   2  -2   4 
-0.77692288E+01   3  -1   2 
-0.47509218E+01   3   1   2 
-0.45605564E+01   3  -2   4 
Y     
 12
-0.17880037E+04   1  -1   2
-0.26347002E+03   2  -1   2
-0.24527426E+03   2   1   2
-0.23334342E+03   2  -2   4
-0.48462068E+02   3  -1   2
-0.41133722E+02   3   1   2
-0.39028246E+02   3  -2   4
-0.25905034E+02   3   2   4
-0.25478362E+02   3  -3   6
-0.69864166E+01   4  -1   2
-0.46756490E+01   4   1   2
-0.43308716E+01   4  -2   4
Zr     
 12
-0.17880037E+04   1  -1   2
-0.26347002E+03   2  -1   2
-0.24527426E+03   2   1   2
-0.23334342E+03   2  -2   4
-0.48462068E+02   3  -1   2
-0.41133722E+02   3   1   2
-0.39028246E+02   3  -2   4
-0.25905034E+02   3   2   4
-0.25478362E+02   3  -3   6
-0.69864166E+01   4  -1   2
-0.46756490E+01   4   1   2
-0.43308716E+01   4  -2   4
Nb     
 12
-0.17880037E+04   1  -1   2
-0.26347002E+03   2  -1   2
-0.24527426E+03   2   1   2
-0.23334342E+03   2  -2   4
-0.48462068E+02   3  -1   2
-0.41133722E+02   3   1   2
-0.39028246E+02   3  -2   4
-0.25905034E+02   3   2   4
-0.25478362E+02   3  -3   6
-0.69864166E+01   4  -1   2
-0.46756490E+01   4   1   2
-0.43308716E+01   4  -2   4
Mo     
 12
-0.17880037E+04   1  -1   2
-0.26347002E+03   2  -1   2
-0.24527426E+03   2   1   2
-0.23334342E+03   2  -2   4
-0.48462068E+02   3  -1   2
-0.41133722E+02   3   1   2
-0.39028246E+02   3  -2   4
-0.25905034E+02   3   2   4
-0.25478362E+02   3  -3   6
-0.69864166E+01   4  -1   2
-0.46756490E+01   4   1   2
-0.43308716E+01   4  -2   4
Tc     
 12
-0.17880037E+04   1  -1   2
-0.26347002E+03   2  -1   2
-0.24527426E+03   2   1   2
-0.23334342E+03   2  -2   4
-0.48462068E+02   3  -1   2
-0.41133722E+02   3   1   2
-0.39028246E+02   3  -2   4
-0.25905034E+02   3   2   4
-0.25478362E+02   3  -3   6
-0.69864166E+01   4  -1   2
-0.46756490E+01   4   1   2
-0.43308716E+01   4  -2   4
Ru     
 12
-0.17880037E+04   1  -1   2
-0.26347002E+03   2  -1   2
-0.24527426E+03   2   1   2
-0.23334342E+03   2  -2   4
-0.48462068E+02   3  -1   2
-0.41133722E+02   3   1   2
-0.39028246E+02   3  -2   4
-0.25905034E+02   3   2   4
-0.25478362E+02   3  -3   6
-0.69864166E+01   4  -1   2
-0.46756490E+01   4   1   2
-0.43308716E+01   4  -2   4
Rh     
 12
-0.17880037E+04   1  -1   2
-0.26347002E+03   2  -1   2
-0.24527426E+03   2   1   2
-0.23334342E+03   2  -2   4
-0.48462068E+02   3  -1   2
-0.41133722E+02   3   1   2
-0.39028246E+02   3  -2   4
-0.25905034E+02   3   2   4
-0.25478362E+02   3  -3   6
-0.69864166E+01   4  -1   2
-0.46756490E+01   4   1   2
-0.43308716E+01   4  -2   4
Pd
 12
-0.18582488E+04   1  -1   2
-0.27351923E+03   2  -1   2
-0.25432534E+03   2   1   2
-0.24145864E+03   2  -2   4
-0.50025854E+02   3  -1   2
-0.42381994E+02   3   1   2
-0.40110731E+02   3  -2   4
-0.26526267E+02   3   2   4
-0.26068323E+02   3  -3   6
-0.68683084E+01   4  -1   2
-0.44531644E+01   4   1   2
-0.40727569E+01   4  -2   4
Ag     
 12
-0.18582488E+04   1  -1   2
-0.27351923E+03   2  -1   2
-0.25432534E+03   2   1   2
-0.24145864E+03   2  -2   4
-0.50025854E+02   3  -1   2
-0.42381994E+02   3   1   2
-0.40110731E+02   3  -2   4
-0.26526267E+02   3   2   4
-0.26068323E+02   3  -3   6
-0.68683084E+01   4  -1   2
-0.44531644E+01   4   1   2
-0.40727569E+01   4  -2   4
Cd     
 12
-0.18582488E+04   1  -1   2
-0.27351923E+03   2  -1   2
-0.25432534E+03   2   1   2
-0.24145864E+03   2  -2   4
-0.50025854E+02   3  -1   2
-0.42381994E+02   3   1   2
-0.40110731E+02   3  -2   4
-0.26526267E+02   3   2   4
-0.26068323E+02   3  -3   6
-0.68683084E+01   4  -1   2
-0.44531644E+01   4   1   2
-0.40727569E+01   4  -2   4
La
  19
  -.5254771235D+04   1  -1   2
  -.9100598632D+03   2  -1   2
  -.8709620788D+03   2   1   2
  -.7652574014D+03   2  -2   4
  -.2102435329D+03   3  -1   2
  -.1927716161D+03   3   1   2
  -.1698238762D+03   3  -2   4
  -.1404078879D+03   3   2   4
  -.1354234846D+03   3  -3   6
  -.4342139830D+02   4  -1   2
  -.3613784495D+02   4   1   2
  -.3076682889D+02   4  -2   4
  -.1879442838D+02   4   2   4
  -.1780231217D+02   4  -3   6
  -.5778850617D+01   5  -1   2
  -.2717945845D+01   4   3   6
  -.2533389948D+01   4  -4   8
  -.3574973411D+01   5   1   2
  -.2766820197D+01   5  -2   4
Hf
  19
  -.5254771235D+04   1  -1   2
  -.9100598632D+03   2  -1   2
  -.8709620788D+03   2   1   2
  -.7652574014D+03   2  -2   4
  -.2102435329D+03   3  -1   2
  -.1927716161D+03   3   1   2
  -.1698238762D+03   3  -2   4
  -.1404078879D+03   3   2   4
  -.1354234846D+03   3  -3   6
  -.4342139830D+02   4  -1   2
  -.3613784495D+02   4   1   2
  -.3076682889D+02   4  -2   4
  -.1879442838D+02   4   2   4
  -.1780231217D+02   4  -3   6
  -.5778850617D+01   5  -1   2
  -.2717945845D+01   4   3   6
  -.2533389948D+01   4  -4   8
  -.3574973411D+01   5   1   2
  -.2766820197D+01   5  -2   4
Ta
  19
  -.5254771235D+04   1  -1   2
  -.9100598632D+03   2  -1   2
  -.8709620788D+03   2   1   2
  -.7652574014D+03   2  -2   4
  -.2102435329D+03   3  -1   2
  -.1927716161D+03   3   1   2
  -.1698238762D+03   3  -2   4
  -.1404078879D+03   3   2   4
  -.1354234846D+03   3  -3   6
  -.4342139830D+02   4  -1   2
  -.3613784495D+02   4   1   2
  -.3076682889D+02   4  -2   4
  -.1879442838D+02   4   2   4
  -.1780231217D+02   4  -3   6
  -.5778850617D+01   5  -1   2
  -.2717945845D+01   4   3   6
  -.2533389948D+01   4  -4   8
  -.3574973411D+01   5   1   2
  -.2766820197D+01   5  -2   4
W
  19
  -.5254771235D+04   1  -1   2
  -.9100598632D+03   2  -1   2
  -.8709620788D+03   2   1   2
  -.7652574014D+03   2  -2   4
  -.2102435329D+03   3  -1   2
  -.1927716161D+03   3   1   2
  -.1698238762D+03   3  -2   4
  -.1404078879D+03   3   2   4
  -.1354234846D+03   3  -3   6
  -.4342139830D+02   4  -1   2
  -.3613784495D+02   4   1   2
  -.3076682889D+02   4  -2   4
  -.1879442838D+02   4   2   4
  -.1780231217D+02   4  -3   6
  -.5778850617D+01   5  -1   2
  -.2717945845D+01   4   3   6
  -.2533389948D+01   4  -4   8
  -.3574973411D+01   5   1   2
  -.2766820197D+01   5  -2   4
Re
  19
  -.5254771235D+04   1  -1   2
  -.9100598632D+03   2  -1   2
  -.8709620788D+03   2   1   2
  -.7652574014D+03   2  -2   4
  -.2102435329D+03   3  -1   2
  -.1927716161D+03   3   1   2
  -.1698238762D+03   3  -2   4
  -.1404078879D+03   3   2   4
  -.1354234846D+03   3  -3   6
  -.4342139830D+02   4  -1   2
  -.3613784495D+02   4   1   2
  -.3076682889D+02   4  -2   4
  -.1879442838D+02   4   2   4
  -.1780231217D+02   4  -3   6
  -.5778850617D+01   5  -1   2
  -.2717945845D+01   4   3   6
  -.2533389948D+01   4  -4   8
  -.3574973411D+01   5   1   2
  -.2766820197D+01   5  -2   4
Os     
  19 
 -.5582335621D+04   1  -1   2  
 -.9754796598D+03   2  -1   2  
 -.9346140516D+03   2   1   2  
 -.8151057655D+03   2  -2   4  
 -.2277329284D+03   3  -1   2  
 -.2094029054D+03   3   1   2  
 -.1832427376D+03   3  -2   4  
 -.1525611384D+03   3   2   4  
 -.1469043007D+03   3  -3   6  
 -.4815315453D+02   4  -1   2  
 -.4042474131D+02   4   1   2  
 -.3421962848D+02   4  -2   4  
 -.2153495337D+02   4   2   4  
 -.2038336601D+02   4  -3   6  
 -.6742389034D+01   5  -1   2  
 -.4232592324D+01   4   3   6  
 -.4003252839D+01   4  -4   8  
 -.4310991987D+01   5   1   2  
 -.3308546609D+01   5  -2   4  
Ir     
  19 
 -.5582335621D+04   1  -1   2  
 -.9754796598D+03   2  -1   2  
 -.9346140516D+03   2   1   2  
 -.8151057655D+03   2  -2   4  
 -.2277329284D+03   3  -1   2  
 -.2094029054D+03   3   1   2  
 -.1832427376D+03   3  -2   4  
 -.1525611384D+03   3   2   4  
 -.1469043007D+03   3  -3   6  
 -.4815315453D+02   4  -1   2  
 -.4042474131D+02   4   1   2  
 -.3421962848D+02   4  -2   4  
 -.2153495337D+02   4   2   4  
 -.2038336601D+02   4  -3   6  
 -.6742389034D+01   5  -1   2  
 -.4232592324D+01   4   3   6  
 -.4003252839D+01   4  -4   8  
 -.4310991987D+01   5   1   2  
 -.3308546609D+01   5  -2   4  
Pt     
  19 
-0.5922483157D+04   1  -1   2
-0.1043512517D+04   2  -1   2
-0.1000799485D+04   2   1   2
-0.8660148229D+03   2  -2   4
-0.2456412365D+03   3  -1   2
-0.2264210285D+03   3   1   2
-0.1966886913D+03   3  -2   4
-0.1647116339D+03   3   2   4
-0.1583181224D+03   3  -3   6 
-0.5267160391D+02   4  -1   2
-0.4448259722D+02   4   1   2
-0.3733538981D+02   4  -2   4
-0.2392355824D+02   4   2   4
-0.2259312525D+02   4  -3   6 
-0.7230753095D+01   5  -1   2
-0.5375963524D+01   4   3   6
-0.5096026658D+01   4  -4   8 
-0.4562699089D+01   5   1   2
-0.3332809394D+01   5  -2   4
Au       
  19 
-0.5922483157D+04   1  -1   2
-0.1043512517D+04   2  -1   2
-0.1000799485D+04   2   1   2
-0.8660148229D+03   2  -2   4
-0.2456412365D+03   3  -1   2
-0.2264210285D+03   3   1   2
-0.1966886913D+03   3  -2   4
-0.1647116339D+03   3   2   4
-0.1583181224D+03   3  -3   6 
-0.5267160391D+02   4  -1   2
-0.4448259722D+02   4   1   2
-0.3733538981D+02   4  -2   4
-0.2392355824D+02   4   2   4
-0.2259312525D+02   4  -3   6 
-0.7230753095D+01   5  -1   2
-0.5375963524D+01   4   3   6
-0.5096026658D+01   4  -4   8 
-0.4562699089D+01   5   1   2
-0.3332809394D+01   5  -2   4
Hg       
  19 
-0.5922483157D+04   1  -1   2
-0.1043512517D+04   2  -1   2
-0.1000799485D+04   2   1   2
-0.8660148229D+03   2  -2   4
-0.2456412365D+03   3  -1   2
-0.2264210285D+03   3   1   2
-0.1966886913D+03   3  -2   4
-0.1647116339D+03   3   2   4
-0.1583181224D+03   3  -3   6 
-0.5267160391D+02   4  -1   2
-0.4448259722D+02   4   1   2
-0.3733538981D+02   4  -2   4
-0.2392355824D+02   4   2   4
-0.2259312525D+02   4  -3   6 
-0.7230753095D+01   5  -1   2
-0.5375963524D+01   4   3   6
-0.5096026658D+01   4  -4   8 
-0.4562699089D+01   5   1   2
-0.3332809394D+01   5  -2   4
Pu       
  24 
-0.5922483157D+04   1  -1   2
-0.1043512517D+04   2  -1   2
-0.1000799485D+04   2   1   2
-0.8660148229D+03   2  -2   4
-0.2456412365D+03   3  -1   2
-0.2264210285D+03   3   1   2
-0.1966886913D+03   3  -2   4
-0.1647116339D+03   3   2   4
-0.1583181224D+03   3  -3   6 
-0.5267160391D+02   4  -1   2
-0.4448259722D+02   4   1   2
-0.3733538981D+02   4  -2   4
-0.2392355824D+02   4   2   4
-0.2259312525D+02   4  -3   6 
-0.7230753095D+01   5  -1   2
-0.5375963524D+01   4   3   6
-0.5096026658D+01   4  -4   8 
-0.4562699089D+01   5   1   2
-0.3332809394D+01   5  -2   4
-0.2332809394D+01   5   2   4
-0.2332809394D+01   5  -3   6
-0.1332809394D+01   6  -1   2
-0.1332809394D+01   6   1   2
-0.1332809394D+01   6  -2   4
