52
  0   0   9 1
  2  -2   7 1                                  IMP2
  1  -1   7 1                                  IMP3
  2  -1   7 1                                  IMP4
  1   0   7 1                                  IMP5
  0   1   7 1                                  IMP6
  1   1   7 1                                  IMP7
  0   2   7 1                                  IMP8
  2  -3   8 1                                  IMP9
  1  -2   8 1                                  IMP10
  2  -2   8 1                                  IMP11
  0  -1   8 1                                  IMP12
  1  -1   8 1                                  IMP13
  2  -1   8 1                                  IMP14
  0   0   8 1                                  IMP15
  1   0   8 1                                  IMP16
 -1   1   8 1                                  IMP17
  0   1   8 1                                  IMP18
  1   1   8 1                                  IMP19
 -1   2   8 1                                  IMP20
  0   2   8 1                                  IMP21
 -1   3   8 1                                  IMP22
  1  -3   9 1                                  IMP23
  2  -3   9 1                                  IMP24
  0  -2   9 1                                  IMP25
  1  -2   9 1                                  IMP26
  2  -2   9 1                                  IMP27
  0  -1   9 1                                  IMP28
  1  -1   9 1                                  IMP29
 -1   0   9 1                                  IMP30
  1   0   9 1                                  IMP31
 -1   1   9 1                                  IMP32
  0   1   9 1                                  IMP33
 -2   2   9 1                                  IMP34
 -1   2   9 1                                  IMP35
  0   2   9 1                                  IMP36
 -2   3   9 1                                  IMP37
 -1   3   9 1                                  IMP38
  1  -3  10 1                                  IMP39
  0  -2  10 1                                  IMP40
  1  -2  10 1                                  IMP41
 -1  -1  10 1                                  IMP42
  0  -1  10 1                                  IMP43
  1  -1  10 1                                  IMP44
 -1   0  10 1                                  IMP45
  0   0  10 1                                  IMP46
 -2   1  10 1                                  IMP47
 -1   1  10 1                                  IMP48
  0   1  10 1                                  IMP49
 -2   2  10 1                                  IMP50
 -1   2  10 1                                  IMP51
 -2   3  10 1                                  IMP52
.false.                                        UNIFORM
   0.0    0.0
   1.5  -90.0
   2.0   62.0
   2.0  118.0
   0.0 -100.1
   2.0  -62.0
   2.0 -118.0
   1.5   90.0
   0.7  -90.0
 162.7  169.9
 162.7   10.1
 168.5  164.8
 179.9  -90.0
 168.5   15.2
 179.6 -180.0
 179.6   -0.0
 168.5 -164.8
 179.9   90.0
 168.5  -15.2
 162.7 -169.9
 162.7  -10.1
   0.7   90.0
   2.9 -125.4
   2.9  -54.6
   7.1 -171.0
 179.8   90.0
   7.1   -9.0
   1.4  162.6
   1.4   17.4
 177.9    0.0
 177.9  180.0
   1.4 -162.6
   1.4  -17.4
   7.1  171.0
 179.8  -90.0
   7.1    9.0
   2.9  125.4
   2.9   54.6
 171.3  -90.0
  72.9 -141.0
  72.9  -39.0
  11.4  171.8
   0.7  -90.0
  11.4    8.2
   0.7  180.0
   0.7    0.0
  11.4 -171.8
   0.7   90.0
  11.4   -8.2
  72.9  141.0
  72.9   39.0
 171.3   90.0
 1.00                                          SXCL()        IMP1 
0                                              ISCREENCL
.true.                                         tauhonly
cluster/host                                   TAUPATH
Mn1_Nb110.pot0                                           IMMPOT
2                                              MADMAX
0  0                                           LFIX1,LFIX2
0 0.00                                         ib0,b0
0 0 1                                          impb0i-f
0 0 1 .false.				       ll1,ll2,jvers,onsite
50 1.0d-5 .false.			       itcpam,cpatol,cpatest
