-1   0                                         igraph,iunit
3  1                                           NPRC,NEXTRA
C2vx                                           idgroup
2    4.667470441        0.0                    i2dlat,a2d
0.70710678120   0.0                            beta,delta
 0   0                                         lfix1,lfix2
4 4 4                                          ninprc(1:nprc)
4 1                                            ninprcl,nbulkl
4 1                                            ninprcr,nbulkr
1.0d-8                                         ctol
4.667470441                                    runit (for cvec and sws)
================================================================================================================================
PL li  conc     cvec(x) cvec(y)     cvec(z)           sws             smt           bthA bphA bthB bphB   isba isbb  sxA  sxB  it
================================================================================================================================
		* L *															
  1   1   1.d0     0.0000000000d0   0.0000000000d0   0.0000000000d0      0.3481599413d0   0.3481599413d0     0.d0   0.d0   0.d0   0.d0   1   1    1.d0  1.d0   1
  1   2   1.d0     0.5000000000d0   0.0000000000d0   0.5000000000d0      0.3481599413d0   0.3481599413d0     0.d0   0.d0   0.d0   0.d0   1   1    1.d0  1.d0   2
  1   3   1.d0     1.0000000000d0   0.0000000000d0   1.0000000000d0      0.3481599413d0   0.3481599413d0     0.d0   0.d0   0.d0   0.d0   1   1    1.d0  1.d0   3
  1   4   1.d0     1.5000000000d0   0.0000000000d0   1.5000000000d0      0.3481599413d0   0.3481599413d0     0.d0   0.d0   0.d0   0.d0   1   1    1.d0  1.d0   4
  2   5   1.d0     2.0000000000d0   0.0000000000d0   2.0000000000d0      0.3481599413d0   0.3481599413d0     0.d0   0.d0   0.d0   0.d0   1   1    1.d0  1.d0   5
  2   6   1.d0     2.5000000000d0   0.0000000000d0   2.5000000000d0      0.3481599413d0   0.3481599413d0     0.d0   0.d0   0.d0   0.d0   1   1    1.d0  1.d0   6
  2   7   1.d0     3.0000000000d0   0.0000000000d0   3.0000000000d0      0.3481599413d0   0.3481599413d0     0.d0   0.d0   0.d0   0.d0   1   1    1.d0  1.d0   7
  2   8   1.d0     3.5000000000d0   0.0000000000d0   3.5000000000d0      0.3481599413d0   0.3481599413d0     0.d0   0.d0   0.d0   0.d0   1   1    1.d0  1.d0   8
		* I *															
  3   9   1.d0     4.0000000000d0   0.0000000000d0   4.0000000000d0      0.3481599413d0   0.3481599413d0     0.d0   0.d0   0.d0   0.d0   1   1    1.d0  1.d0   9
  3  10   1.d0     4.5000000000d0   0.0000000000d0   4.5000000000d0      0.3481599413d0   0.3481599413d0     0.d0   0.d0   0.d0   0.d0   1   1    1.d0  1.d0  10
  3  11   1.d0     5.0000000000d0   0.0000000000d0   5.0000000000d0      0.3481599413d0   0.3481599413d0     0.d0   0.d0   0.d0   0.d0   1   1    1.d0  1.d0  11
  3  12   1.d0     5.5000000000d0   0.0000000000d0   5.5000000000d0      0.3481599413d0   0.3481599413d0     0.d0   0.d0   0.d0   0.d0   1   1    1.d0  1.d0  12
  4  13   1.d0     6.0000000000d0   0.0000000000d0   6.0000000000d0      0.3481599413d0   0.3481599413d0     0.d0   0.d0   0.d0   0.d0   1   1    1.d0  1.d0  13
  4  14   1.d0     6.5000000000d0   0.0000000000d0   6.5000000000d0      0.3481599413d0   0.3481599413d0     0.d0   0.d0   0.d0   0.d0   1   1    1.d0  1.d0  14
  4  15   1.d0     7.0000000000d0   0.0000000000d0   7.0000000000d0      0.3481599413d0   0.3481599413d0     0.d0   0.d0   0.d0   0.d0   1   1    1.d0  1.d0  15
  4  16   1.d0     7.5000000000d0   0.0000000000d0   7.5000000000d0      0.3481599413d0   0.3481599413d0     0.d0   0.d0   0.d0   0.d0   1   1    1.d0  1.d0  16
  5  17   1.d0     8.0000000000d0   0.0000000000d0   8.0000000000d0      0.3481599413d0   0.3481599413d0     0.d0   0.d0   0.d0   0.d0   1   1    1.d0  1.d0  17
  5  18   1.d0     8.5000000000d0   0.0000000000d0   8.5000000000d0      0.3481599413d0   0.3481599413d0     0.d0   0.d0   0.d0   0.d0   1   1    1.d0  1.d0  18
  5  19   1.d0     9.0000000000d0   0.0000000000d0   9.0000000000d0      0.3481599413d0   0.3481599413d0     0.d0   0.d0   0.d0   0.d0   1   1    1.d0  1.d0  19
  5  20   1.d0     9.5000000000d0   0.0000000000d0   9.5000000000d0      0.3481599413d0   0.3481599413d0     0.d0   0.d0   0.d0   0.d0   1   1    1.d0  1.d0  20
		* R *
  6  21   1.d0    10.0000000000d0   0.0000000000d0  10.0000000000d0      0.3481599413d0   0.3481599413d0     0.d0   0.d0   0.d0   0.d0   1   1    1.d0  1.d0  21
  6  22   1.d0    10.5000000000d0   0.0000000000d0  10.5000000000d0      0.3481599413d0   0.3481599413d0     0.d0   0.d0   0.d0   0.d0   1   1    1.d0  1.d0  22
  6  23   1.d0    11.0000000000d0   0.0000000000d0  11.0000000000d0      0.3481599413d0   0.3481599413d0     0.d0   0.d0   0.d0   0.d0   1   1    1.d0  1.d0  23
  6  24   1.d0    11.5000000000d0   0.0000000000d0  11.5000000000d0      0.3481599413d0   0.3481599413d0     0.d0   0.d0   0.d0   0.d0   1   1    1.d0  1.d0  24
  7  25   1.d0    12.0000000000d0   0.0000000000d0  12.0000000000d0      0.3481599413d0   0.3481599413d0     0.d0   0.d0   0.d0   0.d0   1   1    1.d0  1.d0  25
  7  26   1.d0    12.5000000000d0   0.0000000000d0  12.5000000000d0      0.3481599413d0   0.3481599413d0     0.d0   0.d0   0.d0   0.d0   1   1    1.d0  1.d0  26
  7  27   1.d0    13.0000000000d0   0.0000000000d0  13.0000000000d0      0.3481599413d0   0.3481599413d0     0.d0   0.d0   0.d0   0.d0   1   1    1.d0  1.d0  27
  7  28   1.d0    13.5000000000d0   0.0000000000d0  13.5000000000d0      0.3481599413d0   0.3481599413d0     0.d0   0.d0   0.d0   0.d0   1   1    1.d0  1.d0  28
